0.01:
1 True 0.735625
2 True 0.7474999999999999
1 False 0.735625
2 False 0.7537499999999999
0.758 [[198  71]
 [ 26 105]]

0.1:
1 True 0.7449999999999999
2 True 0.7675
1 False 0.7481249999999999
2 False 0.7718749999999999
0.782 [[209  60]
 [ 27 104]]

1:
1 True 0.76625
2 True 0.7675000000000001
1 False 0.7731250000000001
2 False 0.7831250000000001
0.81 [[226  43]
 [ 33  98]]

10:
1 True 0.7675000000000001
2 True 0.7706250000000001
1 False 0.7781250000000001
2 False 0.7799999999999999
0.808 [[233  36]
 [ 41  90]]

100:
1 True 0.765625
2 True 0.7700000000000001
1 False 0.76875
2 False 0.7762499999999999
0.805 [[235  34]
 [ 44  87]]

1000:
1 True 0.7631249999999999
2 True 0.77125
1 False 0.77125
2 False 0.775
0.792 [[232  37]
 [ 46  85]]

0.9:
1 True 0.76625
2 True 0.7681250000000001
1 False 0.7731250000000001
2 False 0.781875
0.805 [[224  45]
 [ 33  98]]

1.1:
1 True 0.7675000000000001
2 True 0.76875
1 False 0.7731250000000001
2 False 0.784375
0.812 [[226  43]
 [ 32  99]]

1.2:
1 True 0.7656249999999999
2 True 0.76875
1 False 0.770625
2 False 0.786875
0.812 [[226  43]
 [ 32  99]]

1.3:
1 True 0.764375
2 True 0.7681250000000001
1 False 0.770625
2 False 0.7862499999999999
0.812 [[226  43]
 [ 32  99]]

1.7:
1 True 0.7631249999999999
2 True 0.76875
1 False 0.770625
2 False 0.7875000000000001
0.812 [[226  43]
 [ 32  99]]

2:
1 True 0.7637499999999999
2 True 0.7693749999999999
1 False 0.77125
2 False 0.7887500000000001
0.812 [[227  42]
 [ 33  98]]

2.5:
1 True 0.766875
2 True 0.76875
1 False 0.7718750000000001
2 False 0.7899999999999999
0.805 [[228  41]
 [ 37  94]]





