poss0
1 True 0.748
2 True 0.756
1 False 0.7474999999999999
2 False 0.758
0.912 [[1332   68]
 [ 109  491]]

poss1
1 True 0.7424999999999999
2 True 0.7495
1 False 0.7474999999999999
2 False 0.7525000000000001
0.848 [[1271  129]
 [ 174  426]]

poss2
1 True 0.748
2 True 0.7545
1 False 0.746
2 False 0.759
0.911 [[1334   66]
 [ 112  488]]

poss3
1 True 0.7474999999999999
2 True 0.7555
1 False 0.7474999999999999
2 False 0.758
0.912 [[1332   68]
 [ 109  491]]

poss4
1 True 0.7474999999999999
2 True 0.757
1 False 0.7474999999999999
2 False 0.758
0.912 [[1332   68]
 [ 109  491]]

poss5
1 True 0.748
2 True 0.7565
1 False 0.7474999999999999
2 False 0.7585
0.912 [[1333   67]
 [ 109  491]]

poss6
1 True 0.7434999999999999
2 True 0.748
1 False 0.7449999999999999
2 False 0.7555000000000001
0.848 [[1277  123]
 [ 181  419]]

poss7
1 True 0.7489999999999999
2 True 0.7549999999999999
1 False 0.7474999999999999
2 False 0.7585
0.912 [[1333   67]
 [ 109  491]]