0.1
1 True 0.7244999999999999
2 True 0.7459999999999999
1 False 0.724
2 False 0.7454999999999999
0.81 [[1258  142]
 [ 237  363]]

0.9
2 True 0.7545
1 False 0.7464999999999999
2 False 0.7585
0.908 [[1328   72]
 [ 113  487]]

1
1 True 0.7484999999999999
2 True 0.7549999999999999
1 False 0.7474999999999999
2 False 0.758
0.912 [[1332   68]
 [ 109  491]]

1.1
1 True 0.7495
2 True 0.7539999999999999
1 False 0.747
2 False 0.7575000000000001
0.912 [[1335   65]
 [ 110  490]]

1.2
1 True 0.7485
2 True 0.7549999999999999
1 False 0.747
2 False 0.7575000000000001
0.914 [[1338   62]
 [ 110  490]]

1.3
1 True 0.7494999999999999
2 True 0.7555
1 False 0.7474999999999999
2 False 0.756
0.918 [[1341   59]
 [ 105  495]]

1.4
1 True 0.7489999999999999
2 True 0.756
1 False 0.7474999999999999
2 False 0.7575000000000001
0.922 [[1345   55]
 [ 101  499]]

1.45
1 True 0.748
2 True 0.756
1 False 0.7455
2 False 0.7565000000000001
0.926 [[1348   52]
 [  97  503]]

1.5
1 True 0.748
2 True 0.7555
1 False 0.7455
2 False 0.7565000000000001
0.926 [[1348   52]
 [  97  503]]

1.6
1 True 0.7474999999999999
2 True 0.7545
1 False 0.746
2 False 0.756
0.93 [[1353   47]
 [  94  506]]

1.7
1 True 0.748
2 True 0.756
1 False 0.747
2 False 0.7565000000000001
0.932 [[1355   45]
 [  91  509]]

2
 [ 212  388]]
1 True 0.7474999999999999
2 True 0.7555
1 False 0.7474999999999999
2 False 0.7555000000000001
0.942 [[1361   39]
 [  77  523]]

2.3
 [ 213  387]]
1 True 0.7484999999999999
2 True 0.7555
1 False 0.747
2 False 0.7555000000000001
0.949 [[1363   37]
 [  65  535]]

10
1 True 0.749
2 True 0.7585
1 False 0.7485
2 False 0.745
0.816 [[1246  154]
 [ 214  386]]

